26
0 A 64 43 -1 -1 
1 B 13 30 -1 -1 
2 C 22 35 -1 -1 
3 D 32 37 -1 -1 
4 E 103 -1 -1 -1 
5 F 21 34 -1 -1 
6 G 15 31 -1 -1 
7 H 47 39 -1 -1 
8 I 57 41 -1 -1 
9 J 5 28 -1 -1 
10 K 5 29 -1 -1 
11 L 32 37 -1 -1 
12 M 20 33 -1 -1 
13 N 57 41 -1 -1 
14 O 63 42 -1 -1 
15 P 15 32 -1 -1 
16 Q 1 26 -1 -1 
17 R 48 40 -1 -1 
18 S 51 40 -1 -1 
19 T 80 44 -1 -1 
20 U 23 35 -1 -1 
21 V 8 29 -1 -1 
22 W 18 33 -1 -1 
23 X 1 26 -1 -1 
24 Y 16 32 -1 -1 
25 Z 1 27 -1 -1 
26 - 2 27 16 23 
27 - 3 28 25 26 
28 - 8 30 9 27 
29 - 13 31 10 21 
30 - 21 34 1 28 
31 - 28 36 6 29 
32 - 31 36 15 24 
33 - 38 38 12 22 
34 - 42 38 5 30 
35 - 45 39 2 20 
36 - 59 42 31 32 
37 - 64 43 3 11 
38 - 80 44 33 34 
39 - 92 45 7 35 
40 - 99 50 17 18 
41 - 114 -1 8 13 
42 - 122 -1 14 36 
43 - 128 -1 0 37 
44 - 160 -1 19 38 
45 - 191 -1 39 40 
46 - 198 -1 40 40 
47 - 198 -1 40 40 
48 - 198 -1 40 40 
49 - 198 -1 40 40 
50 - 198 -1 40 40 
